b_redMatrix: 
   255
   255
   255

b_greenMatrix: 
   255
   255
   255

b_blueMatrix: 
   255
   255
   255

S_grayscaleMatrix_red: 
  275.7530  158.8450  158.2240
  275.1150  154.8210  157.1350
  277.4460  157.1690  155.9100

S_grayscaleMatrix_green: 
  157.1790  274.1750  159.5990
  158.4030  275.8850  157.8890
  151.9650  273.5210  157.7770

S_grayscaleMatrix_blue: 
  156.0150  151.2640  275.1020
  150.7100  149.5360  270.3510
  156.0260  153.0360  272.1120

calculated color correction matrix: 
    0.6857   -0.3041    0.7219
   -0.2929    0.7712    0.5615
   -1.2077    1.4147    0.8340

CCM inverse: 
   -0.3767    3.1762   -1.8123
   -1.0807    3.5967   -1.4860
    1.2878   -1.5018    1.0954

colorized image saved to colorized_images/colorized_image_20250304224544.png
b_redMatrix: 
   255
   255
   255

b_greenMatrix: 
   255
   255
   255

b_blueMatrix: 
   255
   255
   255

S_grayscaleMatrix_red: 
  279.1900  157.6880  158.2240
  279.1730  159.4320  158.2070
  271.6780  162.3330  159.4830

S_grayscaleMatrix_green: 
  157.8610  269.3630  155.4690
  156.6090  274.1470  156.6650
  158.4870  271.7830  156.6650

S_grayscaleMatrix_blue: 
  154.8410  149.4590  268.5900
  150.6440  148.3180  267.9920
  152.4600  150.0900  270.9490

calculated color correction matrix: 
    0.2133    0.0140    1.2213
    6.2858    4.9936  -13.3941
    5.5267  -27.0438   12.8121

CCM inverse: 
    0.9712    0.1081    0.0205
    0.5033    0.0131   -0.0343
    0.6434   -0.0190   -0.0032

colorized image saved to colorized_images/colorized_image_20250304224653.png
