b_redMatrix: 
   200
   200
   200

b_greenMatrix: 
   200
   200
   200

b_blueMatrix: 
   200
   200
   200

S_grayscaleMatrix_red: 
  241.6550  124.2960  126.5590
  241.5870  125.4020  129.4600
  242.7780  125.9550  125.9890

S_grayscaleMatrix_green: 
  122.0160  241.8620  120.2780
  121.4740  241.8620  121.5020
  119.1380  236.4800  120.3060

S_grayscaleMatrix_blue: 
  116.9790  121.0990  238.3920
  116.3480  115.1740  233.6740
  115.7720  115.1850  241.3710

calculated color correction matrix: 
    1.0018   -0.5924    0.2493
    4.3012   -2.2901    1.9046
    1.7431   -0.2898    0.1309

CCM inverse: 
   -0.3625   -0.0075    0.8007
   -3.9609    0.4361    1.2003
   -3.9439    1.0664   -0.3649

colorized image saved to colorized_images/colorized_image_20250304224740.png
b_redMatrix: 
   200
   200
   200

b_greenMatrix: 
   200
   200
   200

b_blueMatrix: 
   200
   200
   200

S_grayscaleMatrix_red: 
  242.3100  124.8150  123.6750
  237.5800  120.1870  127.7500
  245.7300  123.5900  127.6990

S_grayscaleMatrix_green: 
  122.1280  240.1240  124.9220
  125.0620  239.4140  129.0800
  122.6980  241.8620  122.7820

S_grayscaleMatrix_blue: 
  121.0990  116.3590  235.4570
  119.9140  117.5220  235.4680
  115.7830  125.8500  242.5780

calculated color correction matrix: 
   -0.7820    1.8914    1.2404
   -0.5521    0.8367    0.5325
    2.1160    2.1684   -1.3105

CCM inverse: 
    1.9434   -4.4620    0.0265
   -0.3481    1.3813    0.2318
    2.5621   -4.9192   -0.3367

colorized image saved to colorized_images/colorized_image_20250304224718.png
