b_redMatrix: 
   255
   255
   255

b_greenMatrix: 
   255
   255
   255

b_blueMatrix: 
   255
   255
   255

S_grayscaleMatrix_red: 
  278.0500  159.9680  153.0770
  268.7600  155.9610  155.3400
  269.3470  161.1420  161.7800

S_grayscaleMatrix_green: 
  159.0850  271.1850  154.9270
  154.8150  268.7650  157.3470
  158.4030  277.5670  152.0210

S_grayscaleMatrix_blue: 
  154.2540  151.8620  272.1670
  148.8940  153.6120  271.5470
  151.2970  151.8620  267.9700

calculated color correction matrix: 
    1.2494   -2.0359    1.5240
    0.2228    0.3723    0.7654
    0.6543    1.8407   -0.4610

CCM inverse: 
    0.5358   -0.6328    0.7207
   -0.2046    0.5333    0.2091
   -0.0564    1.2312   -0.3115

colorized image saved to colorized_images/colorized_image_20250304224670.png
b_redMatrix: 
   200
   200
   200

b_greenMatrix: 
   200
   200
   200

b_blueMatrix: 
   200
   200
   200

S_grayscaleMatrix_red: 
  241.6890  129.4430  123.6410
  242.2080  126.5760  129.4090
  243.9860  122.4670  125.9720

S_grayscaleMatrix_green: 
  118.5400  239.5820  122.7820
  124.4360  238.8160  121.9880
  120.9880  234.7700  119.6800

S_grayscaleMatrix_blue: 
  122.9040  122.2730  238.3810
  117.5330  118.1200  237.1960
  125.2520  122.9150  234.2830

calculated color correction matrix: 
    0.6688    0.2400    0.0591
   -0.5877    6.6499  -10.7794
    5.4186   -7.5559    1.9209

CCM inverse: 
    1.1160    0.0147    0.0484
    0.9308   -0.0157   -0.1166
    0.5134   -0.1032   -0.0746

colorized image saved to colorized_images/colorized_image_20250304224686.png
